1.848306893780246041e-01
1.192450720634078143e-01
1.189712929491868465e-01
1.211500653827105450e-01
9.467679615567088369e-01
9.174531328984786294e-01
3.078596142630969923e-01
9.128486165392987392e-03
2.257177104594695893e-01
1.869369193967627685e-01
1.696035565707874893e-01
1.180880901474079397e-01
8.282027591121144949e-01
9.060882433036185346e-02
8.550646715511777129e-01
3.836658433300571547e-02
2.879826077937048256e-01
1.517927009833689445e-01
2.689205888778687381e-01
6.145884920302766702e-02
1.429994316902477858e-01
2.214818521096814652e-01
1.207313504432915158e-01
4.368658930077156527e-02
2.179432525311116031e-01
2.188780971228492522e-01
3.747429602706332519e-01
9.524493890575756738e-02
9.641411146109149510e-02
1.135007819455975259e-01
4.103868992253469350e-01
5.778125545351308068e-01
6.733223636827413705e-02
1.820762115212605503e-01
7.256597699452750627e-02
2.904645814219330435e-01
3.636137762747836955e-01
2.802502511413161868e-01
1.026729874708122020e-01
1.749777607179142311e-02
2.265624627102293676e-01
6.747018088376031952e-02
2.002202322923613831e-01
3.132809662606832468e-01
8.817433075682983012e-02
2.200508297993052365e-01
2.528357819551931285e-01
3.614023538979872774e-02
1.414444893343296816e-01
1.551589317912079324e-01
9.328551289882009989e-01
7.366555390631303046e-01
7.835301566609518265e-01
8.623647513262211461e-01
5.896458689607461112e-01
8.485572502130925843e-01
9.129889411090922335e-01
6.715611693869902865e-01
6.505000945937832180e-01
9.569874909625065706e-01
8.985210274633924632e-01
4.193474059242889851e-01
9.779993334920199510e-01
6.778968996109352441e-01
5.147011927578295509e-01
9.799013148168054244e-01
9.536337851019004441e-01
8.127704321897626372e-01
9.030667569405493866e-01
4.248884043880207240e-01
6.252247593330084730e-01
4.761907478278686878e-01
3.454961967297781045e-01
9.851965884042056532e-01
2.578541695526711530e-01
8.494738723163921534e-01
8.250470913467059519e-01
7.255325389972319128e-01
8.268815094811066135e-02
7.655216678135740027e-01
7.584590954516291506e-01
8.919152259858220688e-01
8.956204013609363468e-01
9.635357530538808390e-01
7.657068368156237925e-01
9.554915251733808734e-01
9.957761445775151765e-01
4.074284287812931504e-01
9.813931154087276454e-01
8.999501103416949199e-01
7.374370200581817913e-01
4.914270057263273594e-01
5.685515870484453282e-01
8.607610299618260186e-01
2.179965721502826748e-01
9.490646173230831151e-01
8.922801692024198150e-01
6.728473112913666565e-01
8.266722101639303322e-01
9.794470916086714940e-01
