6.883937272190059076e-02
5.602416239985200663e-01
3.243537450218447749e-01
5.848447829111168977e-02
4.175517631427106968e-01
1.239023807567075919e-01
9.872933054100159200e-01
2.519612509135562561e-01
4.193340659262341508e-02
2.304127210724676300e-01
8.128857749990613391e-01
6.210078789622191370e-02
1.540195478206454194e-01
2.117166513048776566e-01
8.635066076855520967e-01
5.148282265251139661e-02
2.490627124570495288e-01
4.584875785217670252e-01
8.721957239096185255e-01
1.621044780415442643e-01
2.106486045220891945e-01
3.454002193711516039e-02
2.882705238518091240e-01
5.169235313706295187e-01
1.162629711705086416e-01
3.715151804920883150e-01
2.952958704905687681e-01
2.485324575056246585e-02
2.175873285120857523e-02
1.384153359172599074e-01
3.369385957066942106e-02
8.888053277546538455e-02
3.196613427152845965e-02
2.665703443298294006e-01
8.088768495802264313e-01
4.777425571715206987e-01
6.244027967651519240e-02
7.427454205485547467e-01
1.283801225900416676e-01
4.311938944833181714e-02
2.877462502924829080e-01
6.862624637447340969e-01
8.814429929952069531e-02
9.594477591390272730e-02
7.572640015444284112e-01
3.472130695899860314e-02
2.258390393794531548e-01
7.910966305587779912e-02
6.193535640963240829e-02
3.649412180473802780e-01
9.452745880556391311e-01
2.546063673622522283e-01
8.967044614478916209e-01
5.992444832232904917e-01
6.328756586138576390e-01
9.332731042839006452e-01
4.622048027975220186e-01
4.023340062650374027e-01
6.403028259088133778e-01
8.162532757289407970e-01
8.167173501458347973e-01
7.061522998874837365e-01
1.867620570345349118e-01
9.125370429465669009e-01
8.545579620364825990e-01
7.976761831496925748e-01
7.882652657760820247e-01
8.869606653396258089e-01
4.725732048558302090e-01
8.451869202898150135e-01
9.642785741984865044e-01
3.772555961944620839e-01
6.645312261205993387e-01
5.553966726827980205e-01
7.811332493201129656e-01
9.052159131313420870e-01
8.830093959024407635e-01
6.446565862441956396e-01
9.507066988048296086e-01
3.103460926138634779e-01
1.659922431925722197e-01
9.924846098399421335e-01
8.283642094570995429e-01
9.169060653881599965e-01
6.180552885921336559e-01
8.433156151845174753e-01
8.267252943901912676e-01
6.781729877784862248e-01
7.441550823592970598e-01
9.697712341815527548e-01
3.006864592199103292e-01
6.045700836567255987e-01
5.720228145250314533e-01
6.429795392108866858e-01
7.547487765921460090e-01
6.889427896822284403e-01
7.382742697227890893e-01
7.189431605869581743e-01
9.430509415648383742e-01
5.091865690887614759e-01
